0.00	41.87	0.01	27.42	0.01	20.48	0.01	18.77	0.01	18.77	0.01	19.24	0.01	19.77	0.01	20.24	0.01	20.63	0.01	20.95	0.01	21.20	0.01	21.40	0.01	21.56	0.01	21.68	0.01	21.77	
100751.17	0.00	0.00	-0.00	-0.00	-0.00	-0.00	-0.00	0.00	-0.00	0.00	-0.00	0.00	-0.00	-0.00	-0.00	0.00	-0.00	0.00	-0.00	0.00	-0.00	-0.00	-0.00	0.00	-0.00	0.00	-0.00	-0.00	-0.00	
0.00	223956.18	0.00	-0.00	0.00	-0.00	0.00	-0.00	0.00	0.00	-0.00	-0.00	0.00	-0.00	0.00	0.00	-0.00	0.00	-0.00	0.00	0.00	-0.00	0.00	0.00	-0.00	-0.00	0.00	0.00	0.00	0.00	
0.00	0.00	364791.27	0.00	0.00	-0.00	-0.00	-0.00	0.00	0.00	0.00	0.00	-0.00	-0.00	0.00	0.00	0.00	0.00	-0.00	0.00	0.00	0.00	-0.00	-0.00	-0.00	0.00	-0.00	0.00	0.00	0.00	
0.00	0.00	0.00	445762.12	0.00	-0.00	0.00	-0.00	-0.00	0.00	-0.00	0.00	0.00	-0.00	0.00	0.00	-0.00	0.00	-0.00	0.00	0.00	-0.00	-0.00	0.00	-0.00	-0.00	-0.00	0.00	0.00	-0.00	
0.00	0.00	0.00	0.00	481158.65	0.00	-0.00	-0.00	-0.00	0.00	0.00	0.00	-0.00	-0.00	0.00	-0.00	0.00	0.00	-0.00	0.00	0.00	0.00	-0.00	-0.00	-0.00	-0.00	0.00	0.00	0.00	-0.00	
0.00	0.00	0.00	0.00	0.00	499987.14	0.00	-0.00	-0.00	-0.00	0.00	0.00	0.00	-0.00	0.00	0.00	-0.00	0.00	-0.00	0.00	0.00	-0.00	-0.00	0.00	0.00	0.00	-0.00	0.00	0.00	-0.00	
0.00	0.00	0.00	0.00	0.00	0.00	511219.81	0.00	-0.00	0.00	-0.00	0.00	0.00	-0.00	0.00	0.00	0.00	0.00	-0.00	0.00	0.00	0.00	-0.00	-0.00	-0.00	-0.00	-0.00	0.00	0.00	-0.00	
0.00	0.00	0.00	0.00	0.00	0.00	0.00	518109.09	0.00	-0.00	0.00	0.00	0.00	-0.00	0.00	0.00	-0.00	0.00	-0.00	0.00	0.00	-0.00	-0.00	0.00	-0.00	0.00	0.00	0.00	0.00	-0.00	
0.00	0.00	0.00	0.00	0.00	0.00	0.00	0.00	522382.44	0.00	-0.00	0.00	0.00	-0.00	0.00	0.00	0.00	0.00	-0.00	0.00	0.00	0.00	-0.00	-0.00	-0.00	0.00	-0.00	0.00	-0.00	-0.00	
0.00	0.00	0.00	0.00	0.00	0.00	0.00	0.00	0.00	525073.91	0.00	0.00	0.00	-0.00	0.00	0.00	-0.00	0.00	-0.00	0.00	0.00	-0.00	-0.00	0.00	-0.00	-0.00	-0.00	0.00	0.00	-0.00	
0.00	0.00	0.00	0.00	0.00	0.00	0.00	0.00	0.00	0.00	526804.36	0.00	0.00	-0.00	0.00	0.00	0.00	0.00	-0.00	0.00	0.00	0.00	-0.00	-0.00	-0.00	0.00	-0.00	0.00	-0.00	-0.00	
0.00	0.00	0.00	0.00	0.00	0.00	0.00	0.00	0.00	0.00	0.00	527943.76	0.00	-0.00	0.00	0.00	-0.00	0.00	-0.00	0.00	0.00	-0.00	-0.00	0.00	-0.00	-0.00	0.00	0.00	0.00	-0.00	
0.00	0.00	0.00	0.00	0.00	0.00	0.00	0.00	0.00	0.00	0.00	0.00	528712.97	0.00	0.00	0.00	0.00	0.00	-0.00	0.00	0.00	0.00	-0.00	-0.00	-0.00	-0.00	-0.00	0.00	-0.00	-0.00	
0.00	0.00	0.00	0.00	0.00	0.00	0.00	0.00	0.00	0.00	0.00	0.00	0.00	529245.38	0.00	0.00	0.00	0.00	-0.00	0.00	0.00	-0.00	-0.00	0.00	-0.00	-0.00	-0.00	0.00	-0.00	-0.00	
0.00	0.00	0.00	0.00	0.00	0.00	0.00	0.00	0.00	0.00	0.00	0.00	0.00	0.00	529622.91	0.00	0.00	0.00	-0.00	0.00	0.00	0.00	-0.00	-0.00	-0.00	-0.00	-0.00	0.00	0.00	-0.00	
0.00	0.00	0.00	0.00	0.00	0.00	0.00	0.00	0.00	0.00	0.00	0.00	0.00	0.00	0.00	529896.91	0.00	0.00	-0.00	0.00	0.00	-0.00	-0.00	0.00	-0.00	-0.00	-0.00	0.00	0.00	-0.00	
0.00	0.00	0.00	0.00	0.00	0.00	0.00	0.00	0.00	0.00	0.00	0.00	0.00	0.00	0.00	0.00	530100.15	0.00	-0.00	0.00	0.00	0.00	-0.00	-0.00	-0.00	-0.00	0.00	0.00	-0.00	-0.00	
0.00	0.00	0.00	0.00	0.00	0.00	0.00	0.00	0.00	0.00	0.00	0.00	0.00	0.00	0.00	0.00	0.00	530254.06	0.00	0.00	0.00	-0.00	-0.00	0.00	0.00	-0.00	-0.00	0.00	0.00	-0.00	
0.00	0.00	0.00	0.00	0.00	0.00	0.00	0.00	0.00	0.00	0.00	0.00	0.00	0.00	0.00	0.00	0.00	0.00	530372.85	0.00	0.00	0.00	-0.00	-0.00	-0.00	-0.00	-0.00	0.00	0.00	-0.00	
0.00	0.00	0.00	0.00	0.00	0.00	0.00	0.00	0.00	0.00	0.00	0.00	0.00	0.00	0.00	0.00	0.00	0.00	0.00	530466.21	0.00	-0.00	-0.00	0.00	0.00	-0.00	0.00	0.00	-0.00	-0.00	
0.00	0.00	0.00	0.00	0.00	0.00	0.00	0.00	0.00	0.00	0.00	0.00	0.00	0.00	0.00	0.00	0.00	0.00	0.00	0.00	530540.75	0.00	-0.00	-0.00	-0.00	-0.00	-0.00	0.00	0.00	-0.00	
0.00	0.00	0.00	0.00	0.00	0.00	0.00	0.00	0.00	0.00	0.00	0.00	0.00	0.00	0.00	0.00	0.00	0.00	0.00	0.00	0.00	530601.18	0.00	0.00	-0.00	-0.00	0.00	0.00	0.00	-0.00	
0.00	0.00	0.00	0.00	0.00	0.00	0.00	0.00	0.00	0.00	0.00	0.00	0.00	0.00	0.00	0.00	0.00	0.00	0.00	0.00	0.00	0.00	530650.80	0.00	-0.00	-0.00	0.00	0.00	-0.00	-0.00	
0.00	0.00	0.00	0.00	0.00	0.00	0.00	0.00	0.00	0.00	0.00	0.00	0.00	0.00	0.00	0.00	0.00	0.00	0.00	0.00	0.00	0.00	0.00	530692.06	0.00	-0.00	-0.00	0.00	0.00	-0.00	
0.00	0.00	0.00	0.00	0.00	0.00	0.00	0.00	0.00	0.00	0.00	0.00	0.00	0.00	0.00	0.00	0.00	0.00	0.00	0.00	0.00	0.00	0.00	0.00	530726.70	0.00	-0.00	0.00	0.00	-0.00	
0.00	0.00	0.00	0.00	0.00	0.00	0.00	0.00	0.00	0.00	0.00	0.00	0.00	0.00	0.00	0.00	0.00	0.00	0.00	0.00	0.00	0.00	0.00	0.00	0.00	530756.08	0.00	0.00	0.00	-0.00	
0.00	0.00	0.00	0.00	0.00	0.00	0.00	0.00	0.00	0.00	0.00	0.00	0.00	0.00	0.00	0.00	0.00	0.00	0.00	0.00	0.00	0.00	0.00	0.00	0.00	0.00	530781.19	0.00	0.00	-0.00	
0.00	0.00	0.00	0.00	0.00	0.00	0.00	0.00	0.00	0.00	0.00	0.00	0.00	0.00	0.00	0.00	0.00	0.00	0.00	0.00	0.00	0.00	0.00	0.00	0.00	0.00	0.00	530802.82	0.00	-0.00	
0.00	0.00	0.00	0.00	0.00	0.00	0.00	0.00	0.00	0.00	0.00	0.00	0.00	0.00	0.00	0.00	0.00	0.00	0.00	0.00	0.00	0.00	0.00	0.00	0.00	0.00	0.00	0.00	530821.55	0.00	
0.00	0.00	0.00	0.00	0.00	0.00	0.00	0.00	0.00	0.00	0.00	0.00	0.00	0.00	0.00	0.00	0.00	0.00	0.00	0.00	0.00	0.00	0.00	0.00	0.00	0.00	0.00	0.00	0.00	530837.89	
